A = [0 0 0 0.9986 0.0534 0 0 0;
    0 0 1 -0.0032 0.0595 0 0 0;
    0 0 -11.5705 -2.5446 -0.0636 0.1068 -0.0949 0.0071;
    0 0 0.4394 -1.9982 0 0.0167 0.0185 -0.0012;
    0 0 -2.0409 -0.459 -0.735 0.0193 -0.0046 0.0021;
    -32.1036 0 -0.5034 2.2979 0 -0.0212 -0.0212 0.0158;
    0.1022 32.0578 -2.3472 -0.5036 0.8349 0.0212 -0.0379 0.0004;
    -1.911 1.7138 -0.004 -0.0574 0 0.014 -0.0009 -0.2905];

B = [0 0 0 0;
    0 0 0 0;
    0.1243 0.0828 -2.7525 -0.0179;
    -0.0364 0.4751 0.0143 0;
    0.3045 0.015 -0.4965 -0.2067;
    0.2877 -0.5445 -0.0164 0;
    -0.0191 0.0164 -0.5445 0.2348;
    -4.8206 -0.0004 0 0];

B1 = [0 0 1 0 0 0 0 0;
    0 0 0 1 0 0 0 0;
    0 0 0 0 1 0 0 0];
B1 = B1';

C1 = [0 0 0 0 0 0.0595 0.0533 -0.9968;
    1 0 0 0 0 0 0 0;
    0 1 0 0 0 0 0 0;
    0 0 0 -0.0535 1 0 0 0];
D11 = [0 0 0;
    0 0 0;
    0 0 0;
    0 0 0];

D12= [1 0 0 0;
    0 1 0 0;
    0 0 1 0;
    0 0 0 1];

C = [ 0 0 1 0 0 0 0 0;
    0 0 0 1 0 0 0 0];

D21 = [0.01 0 0;
    0 0.01 0];
